# DO NOT TOUCH THIS FILE
#Pile Up information for data and mc is stored seperately.
#PU-> PileUp

#Data A+B+C 2012 12.2 fb^-1

PU_data     = 1.00433e-06 2.67061e-06 5.35625e-06 2.45225e-05 4.61227e-05 0.000207812 0.00122697 0.00368271 0.00850632 0.0161052 0.0269464 0.0401589 0.0506367 0.0566127 0.0605598 0.0637606 0.0652909 0.0648105 0.0631922 0.0609761 0.0583786 0.0555338 0.0525607 0.0492507 0.0450495 0.0396443 0.0332687 0.0264844 0.0198962 0.0140486 0.00933611 0.0058838 0.00354955 0.00205974 0.00114622 0.000606451 0.000302385 0.000141476 6.22563e-05 2.59936e-05 1.04333e-05 4.08343e-06 1.57716e-06 6.05675e-07 2.3189e-07 8.84216e-08 3.34829e-08 1.25551e-08 4.65373e-09 1.70489e-09 6.17941e-10 2.21889e-10 7.89958e-11 2.78744e-11 9.73409e-12 3.3565e-12 1.13997e-12 3.80489e-13 1.24588e-13 3.99759e-14 1.25615e-14 3.86467e-15 1.16417e-15 3.43414e-16 9.92092e-17 2.80729e-17 7.78288e-18 2.10785e-18 5.60796e-19 1.39337e-19 5.519e-20 0 0 0 0 0 0 0 0 0 0 0 0 0 0 0 0 0 0 0 0 0 0 0 0 0 0 0 0 0 
PU_data_up  = 1.00433e-06 2.67061e-06 5.35625e-06 2.45225e-05 4.61227e-05 0.000207812 0.00122697 0.00368271 0.00850632 0.0161052 0.0269464 0.0401589 0.0506367 0.0566127 0.0605598 0.0637606 0.0652909 0.0648105 0.0631922 0.0609761 0.0583786 0.0555338 0.0525607 0.0492507 0.0450495 0.0396443 0.0332687 0.0264844 0.0198962 0.0140486 0.00933611 0.0058838 0.00354955 0.00205974 0.00114622 0.000606451 0.000302385 0.000141476 6.22563e-05 2.59936e-05 1.04333e-05 4.08343e-06 1.57716e-06 6.05675e-07 2.3189e-07 8.84216e-08 3.34829e-08 1.25551e-08 4.65373e-09 1.70489e-09 6.17941e-10 2.21889e-10 7.89958e-11 2.78744e-11 9.73409e-12 3.3565e-12 1.13997e-12 3.80489e-13 1.24588e-13 3.99759e-14 1.25615e-14 3.86467e-15 1.16417e-15 3.43414e-16 9.92092e-17 2.80729e-17 7.78288e-18 2.10785e-18 5.60796e-19 1.39337e-19 5.519e-20 0 0 0 0 0 0 0 0 0 0 0 0 0 0 0 0 0 0 0 0 0 0 0 0 0 0 0 0 0 
PU_data_down = 1.00433e-06 2.67061e-06 5.35625e-06 2.45225e-05 4.61227e-05 0.000207812 0.00122697 0.00368271 0.00850632 0.0161052 0.0269464 0.0401589 0.0506367 0.0566127 0.0605598 0.0637606 0.0652909 0.0648105 0.0631922 0.0609761 0.0583786 0.0555338 0.0525607 0.0492507 0.0450495 0.0396443 0.0332687 0.0264844 0.0198962 0.0140486 0.00933611 0.0058838 0.00354955 0.00205974 0.00114622 0.000606451 0.000302385 0.000141476 6.22563e-05 2.59936e-05 1.04333e-05 4.08343e-06 1.57716e-06 6.05675e-07 2.3189e-07 8.84216e-08 3.34829e-08 1.25551e-08 4.65373e-09 1.70489e-09 6.17941e-10 2.21889e-10 7.89958e-11 2.78744e-11 9.73409e-12 3.3565e-12 1.13997e-12 3.80489e-13 1.24588e-13 3.99759e-14 1.25615e-14 3.86467e-15 1.16417e-15 3.43414e-16 9.92092e-17 2.80729e-17 7.78288e-18 2.10785e-18 5.60796e-19 1.39337e-19 5.519e-20 0 0 0 0 0 0 0 0 0 0 0 0 0 0 0 0 0 0 0 0 0 0 0 0 0 0 0 0 0 

################
# MC
################

################
# TTJets
################
PU_TTJetsPOWHEG_DR53-v1_mc   = 2.51878e-06 4.6254e-06 1.46547e-05 4.88185e-05 0.000100614 0.000268548 0.0020022 0.00605391 0.0104869 0.0138355 0.0168399 0.0205987 0.0257135 0.0326217 0.0411909 0.0497763 0.0553337 0.0572293 0.056045 0.0531857 0.0501172 0.0477214 0.0456408 0.0436641 0.0415999 0.039258 0.0368236 0.0340083 0.0311107 0.0282233 0.0251842 0.0222297 0.0194268 0.0167982 0.0143333 0.0121562 0.0101482 0.00839358 0.00686459 0.00557507 0.00446864 0.00353957 0.00277015 0.00216111 0.00164788 0.0012713 0.000958006 0.000709838 0.000532699 0.000381114 0.000282836 0.000203151 0.000144624 0.00010185 7.05716e-05 5.00092e-05 3.31105e-05 2.39971e-05 1.48379e-05 4.5796e-06 0 0 0 0 0 0 0 0 0 0 0 0 0 0 0 0 0 0 0 0 0 0 0 0 0 0 0 0 0 0 0 0 0 0 0 0 0 0 0 0
PU_TTJetsPOWHEG_DR53-v2_mc   = 2.51878e-06 4.6254e-06 1.46547e-05 4.88185e-05 0.000100614 0.000268548 0.0020022 0.00605391 0.0104869 0.0138355 0.0168399 0.0205987 0.0257135 0.0326217 0.0411909 0.0497763 0.0553337 0.0572293 0.056045 0.0531857 0.0501172 0.0477214 0.0456408 0.0436641 0.0415999 0.039258 0.0368236 0.0340083 0.0311107 0.0282233 0.0251842 0.0222297 0.0194268 0.0167982 0.0143333 0.0121562 0.0101482 0.00839358 0.00686459 0.00557507 0.00446864 0.00353957 0.00277015 0.00216111 0.00164788 0.0012713 0.000958006 0.000709838 0.000532699 0.000381114 0.000282836 0.000203151 0.000144624 0.00010185 7.05716e-05 5.00092e-05 3.31105e-05 2.39971e-05 1.48379e-05 4.5796e-06 0 0 0 0 0 0 0 0 0 0 0 0 0 0 0 0 0 0 0 0 0 0 0 0 0 0 0 0 0 0 0 0 0 0 0 0 0 0 0 0
PU_TTJetsMG_FullyHad_mc     = 2.59417e-06 5.22037e-06 1.35473e-05 5.26201e-05 0.000101589 0.000270851 0.00199383 0.00609583 0.0104606 0.0138382 0.016862 0.0205847 0.0256903 0.0326205 0.0412102 0.049724 0.0553727 0.0572517 0.0560975 0.0531031 0.0500174 0.0475666 0.0455866 0.0435535 0.0415516 0.0393514 0.0367876 0.0340452 0.0311753 0.0282414 0.0252478 0.0222928 0.0194513 0.0168565 0.0143794 0.012167 0.0101758 0.00838754 0.0068777 0.00557654 0.00447316 0.00354633 0.00276081 0.00215118 0.00164442 0.00127022 0.000947354 0.000717817 0.000526937 0.000387429 0.000279594 0.000204748 0.00014742 0.000100116 7.22525e-05 5.10828e-05 3.48132e-05 2.42123e-05 1.51807e-05 4.4197e-06 0 0 0 0 0 0 0 0 0 0 0 0 0 0 0 0 0 0 0 0 0 0 0 0 0 0 0 0 0 0 0 0 0 0 0 0 0 0 0 0 
PU_TTJetsMG_SemiLept_mc     = 2.44443e-06 5.48025e-06 1.43117e-05 4.99531e-05 0.000100143 0.000272948 0.00199966 0.00607567 0.0104489 0.0138356 0.0168508 0.0205516 0.0257506 0.0326633 0.0411928 0.0497704 0.0554705 0.0572925 0.056059 0.0531246 0.0501301 0.0476101 0.045552 0.0436447 0.0415215 0.0392991 0.0368399 0.0340615 0.0312238 0.0281094 0.0252099 0.0221866 0.0194429 0.0168439 0.014353 0.012119 0.0101841 0.00839807 0.00688911 0.00556498 0.00445395 0.00354253 0.00277482 0.00214558 0.0016466 0.00125234 0.000950686 0.000698279 0.000513764 0.000382869 0.000276654 0.00019863 0.000148243 0.000101602 7.33723e-05 4.81001e-05 3.39066e-05 2.40106e-05 1.51003e-05 4.13976e-06 0 0 0 0 0 0 0 0 0 0 0 0 0 0 0 0 0 0 0 0 0 0 0 0 0 0 0 0 0 0 0 0 0 0 0 0 0 0 0 0 
PU_TTJetsMG_DiLept_mc     = 1.98036e-06 4.37329e-06 1.34499e-05 4.99216e-05 0.000104794 0.000267761 0.0020085 0.00615496 0.010407 0.0138431 0.016875 0.0205208 0.0256999 0.0325816 0.0411741 0.0498831 0.0554328 0.0572238 0.0559625 0.0531604 0.0501666 0.0475747 0.0455718 0.0436011 0.0416401 0.039196 0.0368011 0.0340408 0.0313003 0.0281813 0.025179 0.0222584 0.0195158 0.0168949 0.0143621 0.0121026 0.0101326 0.00837651 0.00687407 0.0055224 0.00446224 0.00351935 0.0027758 0.00217188 0.00165616 0.0012567 0.000937783 0.000710866 0.000526776 0.000382787 0.000288637 0.000206617 0.000142998 0.000103969 6.66721e-05 5.03341e-05 3.53164e-05 2.14539e-05 1.60079e-05 5.5285e-06 0 0 0 0 0 0 0 0 0 0 0 0 0 0 0 0 0 0 0 0 0 0 0 0 0 0 0 0 0 0 0 0 0 0 0 0 0 0 0 0 

################
# WJets
################
PU_WJetsToLNu_Inclusive_mc     = 2.3922e-06 5.05625e-06 1.39726e-05 5.0345e-05 9.84065e-05 0.000269721 0.00200624 0.00609702 0.0105044 0.0137949 0.0168749 0.0205424 0.0257467 0.0326191 0.0412202 0.0497293 0.0554048 0.057198 0.0559803 0.0531086 0.0500749 0.0476276 0.0455608 0.0437351 0.0415386 0.0393475 0.0368531 0.0340444 0.0311325 0.0281874 0.0252048 0.0222219 0.0194855 0.0167852 0.0144365 0.012127 0.010147 0.00841653 0.00687144 0.00557655 0.00445656 0.003541 0.00275777 0.00216821 0.00166883 0.00125732 0.000941549 0.000711028 0.000536343 0.000388298 0.000283965 0.00020225 0.000145381 0.000104115 7.17661e-05 4.82246e-05 3.3219e-05 2.44113e-05 1.45707e-05 4.13199e-06 0 0 0 0 0 0 0 0 0 0 0 0 0 0 0 0 0 0 0 0 0 0 0 0 0 0 0 0 0 0 0 0 0 0 0 0 0 0 0 0 
PU_WJetsToLNu_1Jet_mc     = 3.11128e-06 5.05583e-06 1.40872e-05 4.96076e-05 9.96042e-05 0.000271373 0.00199787 0.00610934 0.0104755 0.0138402 0.0168221 0.0205937 0.0257515 0.0326518 0.041254 0.04976 0.0553814 0.0572833 0.0561118 0.0530353 0.0500871 0.0476307 0.0455881 0.0437007 0.0415189 0.0392829 0.0367848 0.0340161 0.0311469 0.02827 0.0252458 0.0222114 0.0194263 0.0167878 0.0143736 0.0121255 0.0101691 0.00836005 0.00686508 0.00558479 0.00444559 0.00351968 0.00277371 0.00215482 0.00166419 0.00126785 0.000949978 0.000708032 0.000523775 0.000383163 0.000280102 0.000198042 0.000145582 0.000103061 7.22076e-05 5.06015e-05 3.26684e-05 2.02665e-05 1.69392e-05 3.62983e-06 0 0 0 0 0 0 0 0 0 0 0 0 0 0 0 0 0 0 0 0 0 0 0 0 0 0 0 0 0 0 0 0 0 0 0 0 0 0 0 0 
PU_WJetsToLNu_2Jets_mc     = 2.61959e-06 4.8577e-06 1.37847e-05 5.12728e-05 0.000102368 0.00026903 0.00199242 0.00610027 0.0104461 0.0138424 0.0168483 0.020537 0.0257444 0.0326201 0.0411612 0.0498308 0.0553592 0.0572739 0.0559947 0.0531608 0.0500382 0.0476668 0.04561 0.0436154 0.041647 0.0393393 0.0368363 0.0340463 0.0311617 0.0282153 0.0251638 0.0222273 0.0194067 0.0168144 0.0143832 0.0121338 0.0101358 0.00843133 0.00688524 0.0055642 0.004469 0.00353513 0.00275678 0.00216259 0.001658 0.00125138 0.000951778 0.000711182 0.000523817 0.000377858 0.000284061 0.000199929 0.000147359 9.91885e-05 6.8491e-05 5.09422e-05 3.319e-05 2.20758e-05 1.45222e-05 4.90856e-06 0 0 0 0 0 0 0 0 0 0 0 0 0 0 0 0 0 0 0 0 0 0 0 0 0 0 0 0 0 0 0 0 0 0 0 0 0 0 0 0 
PU_WJetsToLNu_3Jets_mc     = 2.33233e-06 5.57167e-06 1.43827e-05 4.83958e-05 9.67916e-05 0.000269125 0.00200068 0.00613059 0.0104749 0.0138482 0.0168336 0.0205415 0.0257402 0.0326321 0.0412399 0.0497488 0.055366 0.0572912 0.056069 0.0531907 0.0500773 0.0476383 0.0455745 0.0436371 0.0414735 0.0394077 0.0367291 0.0339868 0.0311862 0.0281962 0.0252051 0.0222605 0.0194359 0.0167741 0.0143484 0.0121551 0.0101469 0.00838777 0.00693064 0.00557984 0.00444263 0.00353205 0.00277392 0.00216155 0.00166101 0.00126749 0.000948804 0.000705594 0.000531706 0.000379781 0.000276057 0.000198766 0.000146742 0.000102946 7.00346e-05 4.93676e-05 3.43371e-05 2.13149e-05 1.71037e-05 4.14636e-06 0 0 0 0 0 0 0 0 0 0 0 0 0 0 0 0 0 0 0 0 0 0 0 0 0 0 0 0 0 0 0 0 0 0 0 0 0 0 0 0 
PU_WJetsToLNu_4Jets_mc     = 1.6439e-06 5.45476e-06 1.3749e-05 5.00642e-05 0.000101548 0.000272066 0.00201438 0.00608139 0.0104366 0.0138283 0.0168601 0.0205696 0.0257985 0.0326744 0.0411785 0.0497378 0.0553398 0.0573739 0.0560457 0.053133 0.0500306 0.0476609 0.0455445 0.0435962 0.0416618 0.0393645 0.0368688 0.0340083 0.0311215 0.028172 0.0251565 0.0222894 0.0194864 0.0168279 0.0143052 0.0121226 0.0101431 0.00834123 0.0068736 0.00559113 0.00450257 0.00352251 0.00274539 0.00215605 0.00165063 0.00126177 0.000944869 0.000706354 0.000532026 0.000377948 0.000277296 0.000203171 0.00013891 0.000101324 7.08372e-05 4.8794e-05 3.4223e-05 2.31641e-05 1.50193e-05 4.55809e-06 0 0 0 0 0 0 0 0 0 0 0 0 0 0 0 0 0 0 0 0 0 0 0 0 0 0 0 0 0 0 0 0 0 0 0 0 0 0 0 0

################
# SingleTop
################
PU_SingleTop_TBarToDilepton-tW-ch_mc     = 2.69237e-06 3.02891e-06 1.61542e-05 6.15879e-05 0.000108704 0.000257458 0.00202803 0.00611672 0.0105477 0.0138738 0.0168933 0.0204785 0.0256842 0.0325659 0.0410721 0.0499246 0.055385 0.0571122 0.0558989 0.0530299 0.0498875 0.0475364 0.0456538 0.0435925 0.0416752 0.0394876 0.0367808 0.0342402 0.0312059 0.0283604 0.0250952 0.0224442 0.019557 0.0167862 0.0142551 0.0121136 0.0101135 0.00844192 0.00684669 0.00553618 0.00449558 0.00351556 0.00271963 0.0021687 0.0016797 0.00128291 0.000942328 0.000704054 0.000526694 0.00038871 0.000270246 0.000192168 0.000146397 8.98577e-05 7.7069e-05 5.78859e-05 3.06257e-05 2.28851e-05 1.41349e-05 4.71164e-06 0 0 0 0 0 0 0 0 0 0 0 0 0 0 0 0 0 0 0 0 0 0 0 0 0 0 0 0 0 0 0 0 0 0 0 0 0 0 0 0 
PU_SingleTop_TBarToLeptons-s-ch_mc     = 3.0005e-06 6.001e-06 1.35022e-05 4.35072e-05 0.000116019 0.000263544 0.00203334 0.00614102 0.0104797 0.0137113 0.0168973 0.0206849 0.0256733 0.0326549 0.0413624 0.0498363 0.0551682 0.0572905 0.0559968 0.0530943 0.0502409 0.047851 0.0452855 0.0436263 0.0415874 0.0393796 0.0366746 0.0338576 0.0311592 0.0280237 0.0253522 0.0223537 0.0193892 0.0167473 0.0143639 0.012051 0.0101462 0.00852092 0.00688415 0.00560343 0.00454076 0.00356059 0.00280147 0.00214736 0.00166328 0.00123821 0.000965161 0.000708118 0.000498083 0.000381564 0.000262544 0.000199033 0.000167028 0.000104517 7.00117e-05 4.65077e-05 3.0005e-05 2.35039e-05 1.60027e-05 8.50142e-06 0 0 0 0 0 0 0 0 0 0 0 0 0 0 0 0 0 0 0 0 0 0 0 0 0 0 0 0 0 0 0 0 0 0 0 0 0 0 0 0 
PU_SingleTop_TBarToLeptons-t-ch_mc     = 1.75295e-06 4.67453e-06 1.34393e-05 4.79139e-05 9.23219e-05 0.000257683 0.00198609 0.00614759 0.0104593 0.0138781 0.016795 0.020371 0.0256112 0.0324734 0.0411931 0.0498211 0.0554159 0.0574505 0.0561282 0.0532546 0.0501197 0.0475113 0.0457554 0.0436279 0.0416565 0.039259 0.0366547 0.0340849 0.0310599 0.0280962 0.0251396 0.0224196 0.019501 0.0169381 0.014442 0.0121187 0.0101256 0.00834987 0.00681429 0.00554574 0.00449047 0.00350823 0.00279361 0.00212048 0.00170094 0.00123817 0.000951266 0.000707607 0.000543998 0.000393829 0.000267032 0.00019633 0.000157181 0.000102255 7.9467e-05 4.6161e-05 3.5059e-05 1.81138e-05 2.10354e-05 5.84316e-06 0 0 0 0 0 0 0 0 0 0 0 0 0 0 0 0 0 0 0 0 0 0 0 0 0 0 0 0 0 0 0 0 0 0 0 0 0 0 0 0 
PU_SingleTop_TBarToThadWlep-tW-ch_mc     = 3.34914e-06 2.67931e-06 1.27267e-05 4.6888e-05 9.51157e-05 0.000290706 0.0020336 0.00605391 0.0104828 0.0139251 0.0168951 0.0205349 0.0257824 0.0324231 0.0410531 0.0494829 0.0549353 0.0573728 0.056139 0.0531241 0.0500061 0.0478974 0.0458866 0.0437298 0.041581 0.0392178 0.0368185 0.0340273 0.0310693 0.0281094 0.0253296 0.0222859 0.0198376 0.0167176 0.0145185 0.0120388 0.0101191 0.00853496 0.00678403 0.00551068 0.00445034 0.0035367 0.00276505 0.00216623 0.00161429 0.00122713 0.000951157 0.000748199 0.000540552 0.000367736 0.000278649 0.000198939 0.000131286 0.000105163 8.17191e-05 4.48785e-05 4.01897e-05 2.54535e-05 1.33966e-05 3.34914e-06 0 0 0 0 0 0 0 0 0 0 0 0 0 0 0 0 0 0 0 0 0 0 0 0 0 0 0 0 0 0 0 0 0 0 0 0 0 0 0 0 
PU_SingleTop_TBarToTlepWhad-tW-ch_mc     = 5.45521e-06 4.77331e-06 1.15923e-05 5.25064e-05 9.47843e-05 0.000276852 0.00193455 0.0061978 0.0104924 0.0138692 0.0169187 0.0205675 0.0257009 0.032869 0.0411459 0.0496901 0.0552933 0.0568215 0.0561996 0.0533029 0.0498061 0.0474481 0.0456703 0.043701 0.0415305 0.0392502 0.0370586 0.0341067 0.0311833 0.0282348 0.0253244 0.0221666 0.0196115 0.0168198 0.0142708 0.012146 0.0102333 0.0083492 0.00678628 0.00555272 0.00452237 0.00346951 0.00279852 0.00216231 0.00165838 0.0012206 0.00093966 0.00073509 0.000516199 0.000388684 0.000260486 0.000196388 0.000126152 0.000104331 6.95539e-05 4.70512e-05 4.1596e-05 2.25027e-05 1.56837e-05 5.45521e-06 0 0 0 0 0 0 0 0 0 0 0 0 0 0 0 0 0 0 0 0 0 0 0 0 0 0 0 0 0 0 0 0 0 0 0 0 0 0 0 0 
PU_SingleTop_TToDilepton-tW-ch_mc     = 3.35964e-06 6.71928e-06 1.47824e-05 4.83788e-05 0.000106837 0.000278514 0.00201914 0.00610144 0.0103846 0.0137735 0.0169023 0.0206077 0.0258407 0.0326029 0.0411311 0.0497465 0.0553578 0.0572187 0.0560163 0.0534367 0.0500082 0.0476736 0.0454358 0.0437617 0.0416679 0.0392379 0.0367128 0.0339471 0.0312289 0.0281823 0.0251718 0.0223574 0.0193717 0.0167381 0.0143487 0.012138 0.0101992 0.00842665 0.00695748 0.0055686 0.00444279 0.00347924 0.0027969 0.00212228 0.00165697 0.00131026 0.000950778 0.000714595 0.000535191 0.000359145 0.000267763 0.000192507 0.000141777 9.03743e-05 7.72717e-05 5.47621e-05 3.46043e-05 1.8478e-05 1.67982e-05 5.71139e-06 0 0 0 0 0 0 0 0 0 0 0 0 0 0 0 0 0 0 0 0 0 0 0 0 0 0 0 0 0 0 0 0 0 0 0 0 0 0 0 0 
PU_SingleTop_TToLeptons-s-ch_mc     = 1.77994e-06 5.08555e-06 1.47481e-05 5.41611e-05 0.000106034 0.000266229 0.00197904 0.00609173 0.0104452 0.0137841 0.0168217 0.0206237 0.025783 0.0325768 0.0412151 0.0497293 0.0553611 0.0572051 0.0559098 0.053305 0.0499643 0.0477376 0.045577 0.0437352 0.0416629 0.0394784 0.0366892 0.0339183 0.0311981 0.0281737 0.0252131 0.0222938 0.0194199 0.0167444 0.0143494 0.0121936 0.010194 0.00840998 0.00687592 0.00552291 0.00442163 0.00353064 0.00278053 0.00217789 0.00165687 0.00128283 0.000957864 0.000736388 0.000535254 0.000371754 0.000277417 0.00019198 0.000137564 0.000113662 6.58579e-05 5.0347e-05 3.33104e-05 2.54278e-05 1.57652e-05 6.61122e-06 0 0 0 0 0 0 0 0 0 0 0 0 0 0 0 0 0 0 0 0 0 0 0 0 0 0 0 0 0 0 0 0 0 0 0 0 0 0 0 0 
PU_SingleTop_TToLeptons-t-ch_mc     = 1.53233e-06 5.61855e-06 1.27694e-05 4.90347e-05 0.000106753 0.000270968 0.00198463 0.00607698 0.0104025 0.0138015 0.016847 0.020486 0.0256441 0.0325897 0.0410558 0.0497988 0.055342 0.0568751 0.0562162 0.0531344 0.0499809 0.0478364 0.045779 0.0437141 0.0417336 0.0392362 0.0369142 0.0339744 0.0311628 0.0282759 0.0252161 0.0221637 0.0194558 0.0168488 0.0144259 0.0121141 0.0101571 0.00840766 0.00683344 0.00558663 0.00441644 0.00360583 0.0028057 0.00218868 0.00166411 0.00128486 0.000947237 0.000711769 0.000535806 0.000383083 0.000268669 0.000206865 0.000155787 0.000104965 6.79334e-05 5.03116e-05 3.57544e-05 2.47727e-05 1.71111e-05 6.64011e-06 0 0 0 0 0 0 0 0 0 0 0 0 0 0 0 0 0 0 0 0 0 0 0 0 0 0 0 0 0 0 0 0 0 0 0 0 0 0 0 0 
PU_SingleTop_TToThadWlep-tW-ch_mc     = 2.7442e-06 4.11629e-06 1.50931e-05 5.557e-05 8.71282e-05 0.00025178 0.00195044 0.00603106 0.0104362 0.0139728 0.0168871 0.0204086 0.0255979 0.0325331 0.0412247 0.0499169 0.0554348 0.0573194 0.0561524 0.0532333 0.0499643 0.0474911 0.0455303 0.0434948 0.0415835 0.039395 0.0368786 0.0344609 0.0312948 0.0281692 0.0249818 0.0221944 0.0194323 0.0168226 0.01423 0.0121774 0.00992095 0.00832863 0.00690097 0.00563864 0.00461162 0.00360793 0.00276752 0.00217889 0.00164926 0.00130075 0.000926852 0.000716921 0.00051042 0.000388304 0.000293629 0.000211989 0.000145442 0.000100849 6.79188e-05 4.32211e-05 2.7442e-05 2.40117e-05 1.71512e-05 4.80234e-06 0 0 0 0 0 0 0 0 0 0 0 0 0 0 0 0 0 0 0 0 0 0 0 0 0 0 0 0 0 0 0 0 0 0 0 0 0 0 0 0 
PU_SingleTop_TToTlepWhad-tW-ch_mc     = 2.01327e-06 4.69764e-06 1.34218e-05 4.96608e-05 8.72419e-05 0.000253673 0.00198173 0.00620625 0.0104053 0.0138104 0.01678 0.020628 0.0257102 0.0324909 0.0413527 0.0497856 0.0553664 0.0571662 0.0560194 0.0528464 0.050152 0.0479065 0.0455966 0.0436518 0.0417707 0.0391367 0.0366517 0.0338881 0.0314675 0.0282214 0.0252082 0.0221984 0.0196972 0.016839 0.0142748 0.0120723 0.0102731 0.00842555 0.00679077 0.00551704 0.00461375 0.00351383 0.00274409 0.00213877 0.0016435 0.00126232 0.000912013 0.000699277 0.000510029 0.000377153 0.000283201 0.000191932 0.00013556 0.000105361 5.50295e-05 4.09366e-05 3.28835e-05 2.08038e-05 1.27507e-05 7.38201e-06 0 0 0 0 0 0 0 0 0 0 0 0 0 0 0 0 0 0 0 0 0 0 0 0 0 0 0 0 0 0 0 0 0 0 0 0 0 0 0 0 

################
# DiBoson
################
PU_DiBoson_ZZJetsTo4_mc     = 2.70389e-06 4.7838e-06 1.45594e-05 4.8878e-05 0.00010358 0.000266021 0.00198611 0.00608687 0.0104979 0.0137929 0.0169374 0.0205238 0.0256622 0.0326584 0.0413033 0.0497463 0.0551944 0.0573309 0.0560204 0.0530523 0.0500664 0.0477839 0.0455761 0.0435241 0.0415523 0.0392503 0.0368215 0.0340193 0.0311617 0.0282587 0.0252235 0.0222782 0.0195021 0.016824 0.0142751 0.0121658 0.0101231 0.00840181 0.00689013 0.0056322 0.00447036 0.00352961 0.00281683 0.00217122 0.0016735 0.00127811 0.000954264 0.000730881 0.000518938 0.000374176 0.000279956 0.000188856 0.000147882 0.000103996 7.0925e-05 5.13739e-05 3.41106e-05 2.2879e-05 1.41434e-05 3.95183e-06 0 0 0 0 0 0 0 0 0 0 0 0 0 0 0 0 0 0 0 0 0 0 0 0 0 0 0 0 0 0 0 0 0 0 0 0 0 0 0 0 
PU_DiBoson_WZJetsTo3LNu_mc     = 4.45991e-06 4.45991e-06 1.38753e-05 4.41035e-05 0.00010456 0.000267099 0.00193758 0.00604516 0.0105298 0.0138262 0.0168758 0.0204883 0.0258417 0.0328537 0.0412204 0.0493112 0.0554272 0.0573093 0.0560392 0.0531938 0.0499639 0.0475882 0.0458721 0.0435778 0.0416119 0.0390633 0.0367893 0.0340207 0.0311857 0.0280404 0.0252257 0.0222435 0.0195651 0.0168213 0.0143232 0.0122464 0.0101602 0.00844459 0.00692971 0.00559818 0.004394 0.00355554 0.00278744 0.00218981 0.00171013 0.00128743 0.000964827 0.000689799 0.000511403 0.000385039 0.000275028 0.000183352 0.000139744 0.000109516 7.58184e-05 5.30233e-05 3.51837e-05 2.32906e-05 1.58574e-05 4.45991e-06 0 0 0 0 0 0 0 0 0 0 0 0 0 0 0 0 0 0 0 0 0 0 0 0 0 0 0 0 0 0 0 0 0 0 0 0 0 0 0 0 
PU_DiBoson_WWJetsTo2L2Nu_mc     = 4.65541e-06 8.27628e-06 1.5518e-05 4.4485e-05 0.000101902 0.000249323 0.00194906 0.00605979 0.0103919 0.013929 0.0168852 0.0203612 0.0256404 0.0324979 0.0409748 0.049531 0.0553182 0.0571115 0.0563915 0.05326 0.0503182 0.0474324 0.0455449 0.0435224 0.0417109 0.0394515 0.036846 0.0344024 0.0313211 0.028144 0.0253285 0.0222492 0.0193691 0.0168665 0.0143914 0.0121992 0.010169 0.0083875 0.00683104 0.00549907 0.00446299 0.00350759 0.00276376 0.00215597 0.00165474 0.0012611 0.000936255 0.000722623 0.000530199 0.000375019 0.000273117 0.000203286 0.000156732 8.74182e-05 6.00031e-05 5.7934e-05 4.34505e-05 1.75871e-05 1.50008e-05 5.17268e-06 0 0 0 0 0 0 0 0 0 0 0 0 0 0 0 0 0 0 0 0 0 0 0 0 0 0 0 0 0 0 0 0 0 0 0 0 0 0 0 0 
PU_DiBoson_ZZJetsTo2L2Nu_mc     = 1.04722e-06 2.09444e-06 1.15194e-05 6.91164e-05 0.000103675 0.000268088 0.0019562 0.0060812 0.0104816 0.0137133 0.0167701 0.020737 0.0256547 0.0331465 0.0413442 0.0501649 0.0554785 0.0572336 0.0559392 0.0534196 0.0499376 0.0476599 0.0458671 0.0436439 0.0415494 0.0392738 0.0368694 0.0335089 0.0306542 0.0280644 0.0249709 0.0220523 0.0195097 0.0168927 0.0144013 0.0124954 0.0100816 0.00853168 0.0068132 0.00564032 0.0043868 0.00346943 0.00265679 0.00209129 0.00160329 0.00130064 0.000938307 0.000726769 0.000497429 0.000411557 0.000293221 0.00019583 0.000147658 0.000112052 7.2258e-05 3.76998e-05 3.03693e-05 1.67555e-05 1.25666e-05 5.23609e-06 0 0 0 0 0 0 0 0 0 0 0 0 0 0 0 0 0 0 0 0 0 0 0 0 0 0 0 0 0 0 0 0 0 0 0 0 0 0 0 0 
PU_DiBoson_ZZJetsTo2L2Q_mc     = 1.54901e-06 4.64702e-06 1.85881e-05 5.11172e-05 9.60383e-05 0.000262815 0.00197447 0.00605713 0.0105683 0.0139163 0.0168046 0.0208713 0.0257109 0.0325844 0.0413125 0.0498645 0.0554213 0.0574221 0.0561587 0.0530565 0.0501681 0.047399 0.0453125 0.04359 0.0417731 0.0392993 0.0365772 0.0336955 0.0312723 0.0282198 0.0250479 0.0223217 0.0195133 0.0167984 0.0144558 0.0121876 0.0100541 0.00832487 0.0069096 0.00553305 0.00452774 0.00354619 0.00274948 0.00216138 0.00160683 0.00126244 0.000951605 0.000762111 0.000520466 0.000385702 0.000273658 0.000200854 0.000140443 0.000106365 6.97052e-05 4.69865e-05 3.04638e-05 2.53004e-05 1.34247e-05 7.74503e-06 0 0 0 0 0 0 0 0 0 0 0 0 0 0 0 0 0 0 0 0 0 0 0 0 0 0 0 0 0 0 0 0 0 0 0 0 0 0 0 0 
PU_DiBoson_WZJetsTo2L2Q_mc     = 2.48757e-06 6.21892e-06 1.39926e-05 4.85076e-05 0.000111008 0.00026959 0.00204727 0.00609361 0.0103996 0.0138396 0.0168076 0.020571 0.0256394 0.0326111 0.0412722 0.0497629 0.0553149 0.057502 0.0560505 0.0530387 0.049914 0.0475082 0.0455169 0.0436429 0.0417361 0.0393213 0.0366282 0.034229 0.0312482 0.0281736 0.0253421 0.0222034 0.0194475 0.0169295 0.0143682 0.0121524 0.010172 0.00841452 0.00681843 0.00558522 0.00443223 0.00354261 0.0027668 0.00218315 0.00162532 0.00126524 0.000944655 0.000702117 0.000537626 0.000370337 0.000260884 0.000191232 0.000138682 0.000100125 6.9652e-05 5.03733e-05 3.01618e-05 1.80349e-05 1.27488e-05 4.0423e-06 0 0 0 0 0 0 0 0 0 0 0 0 0 0 0 0 0 0 0 0 0 0 0 0 0 0 0 0 0 0 0 0 0 0 0 0 0 0 0 0 
PU_DiBoson_WGstarToLNu2E_mc     = 3.1781e-06 3.1781e-06 1.58905e-05 4.44935e-05 9.53431e-05 0.000209755 0.00189097 0.00572377 0.0103129 0.0138724 0.0168344 0.0203844 0.0257681 0.0327631 0.0413154 0.0495848 0.0547651 0.0573552 0.0564209 0.0525182 0.049696 0.047894 0.045984 0.0438705 0.0419224 0.0394689 0.0372728 0.0335544 0.0316635 0.0285203 0.0249672 0.0225709 0.0192847 0.0168757 0.0143174 0.0121213 0.0103352 0.00838066 0.00669309 0.00548223 0.0044557 0.00345778 0.00275542 0.00212615 0.00170346 0.00128078 0.000934363 0.000676936 0.000559346 0.000425866 0.000254248 0.000187508 0.000130302 9.53431e-05 5.08497e-05 6.67402e-05 4.44935e-05 2.54248e-05 9.53431e-06 3.1781e-06 0 0 0 0 0 0 0 0 0 0 0 0 0 0 0 0 0 0 0 0 0 0 0 0 0 0 0 0 0 0 0 0 0 0 0 0 0 0 0 0 
PU_DiBoson_WGstarToLNu2Mu_mc     = 0 3.33363e-06 6.66727e-06 5.66718e-05 0.000126678 0.000206685 0.00196018 0.00607055 0.0105176 0.0137812 0.0166248 0.0206985 0.0250823 0.0328596 0.040647 0.0496411 0.0560184 0.0571851 0.0567418 0.0533881 0.0504212 0.0476243 0.0455541 0.0435272 0.0415704 0.0387968 0.0370767 0.0337497 0.0311061 0.0283792 0.0244089 0.022182 0.0200218 0.0172149 0.0146447 0.0120978 0.0102643 0.00807073 0.00679728 0.00576719 0.00438373 0.00351365 0.00251023 0.0022402 0.00171015 0.00118344 0.000933417 0.00070673 0.000600054 0.000410037 0.000276692 0.000186683 0.000153347 0.000116677 7.00063e-05 3.667e-05 3.33363e-05 3.00027e-05 1.33345e-05 0 0 0 0 0 0 0 0 0 0 0 0 0 0 0 0 0 0 0 0 0 0 0 0 0 0 0 0 0 0 0 0 0 0 0 0 0 0 0 0 0 
PU_DiBoson_WGstarToLNu2Tau_mc     = 0 0 2.00012e-05 0 0.000100006 0.000380023 0.00186011 0.00574034 0.0103606 0.0142209 0.0175011 0.0211413 0.0264816 0.0309819 0.0403624 0.050223 0.0566034 0.0586035 0.0557633 0.0533232 0.050583 0.0469628 0.0455227 0.0423625 0.0432826 0.0384823 0.0360822 0.0352821 0.0315019 0.0277417 0.0246215 0.0228214 0.0196812 0.016641 0.0139208 0.0124207 0.00892054 0.00816049 0.00684041 0.00548033 0.00398024 0.0033602 0.00266016 0.00220013 0.0016001 0.00120007 0.00128008 0.000800048 0.000460028 0.00050003 0.000180011 0.000300018 0.000200012 0.000100006 6.00036e-05 8.00048e-05 4.00024e-05 0 2.00012e-05 0 0 0 0 0 0 0 0 0 0 0 0 0 0 0 0 0 0 0 0 0 0 0 0 0 0 0 0 0 0 0 0 0 0 0 0 0 0 0 0 0

################
# TriBoson
################
PU_TriBoson_ZZZNoGstarJets_mc     = 4.44634e-06 0 1.3339e-05 5.78024e-05 8.44805e-05 0.000271227 0.00199196 0.00622043 0.0104267 0.0136769 0.0166693 0.020511 0.0256643 0.0327784 0.0408441 0.0508973 0.0555304 0.0574334 0.0557705 0.0533472 0.0504793 0.0482117 0.0456017 0.0434852 0.041929 0.0394346 0.0368868 0.033561 0.0310666 0.0279408 0.0254242 0.0217871 0.0195417 0.0166649 0.014255 0.0119562 0.00979529 0.00830132 0.00638495 0.00557127 0.00456195 0.00338811 0.00290346 0.00221872 0.00176075 0.00132056 0.000924839 0.000773663 0.000480205 0.000417956 0.000213424 0.000200085 0.000111159 0.000102266 5.78024e-05 3.55707e-05 2.22317e-05 2.6678e-05 4.44634e-06 4.44634e-06 0 0 0 0 0 0 0 0 0 0 0 0 0 0 0 0 0 0 0 0 0 0 0 0 0 0 0 0 0 0 0 0 0 0 0 0 0 0 0 0 
PU_TriBoson_WWWJets_mc     = 0 1.81366e-05 9.06828e-06 4.53414e-05 9.97511e-05 0.000244844 0.00209024 0.00608482 0.0103333 0.0141329 0.0163365 0.0203946 0.0257358 0.0326775 0.041306 0.0495763 0.0557472 0.0571075 0.0560374 0.0531945 0.0492544 0.0473183 0.0465475 0.044362 0.0415373 0.0390707 0.0368671 0.0344595 0.0311722 0.0290049 0.0253232 0.0219271 0.0194016 0.0166675 0.014074 0.0120517 0.00998418 0.00832468 0.00695084 0.00554525 0.00429836 0.00361371 0.00267514 0.00211744 0.00180005 0.00109726 0.000884157 0.00065745 0.000476085 0.000358197 0.000281117 0.000285651 0.000104285 0.000113353 8.16145e-05 5.44097e-05 3.62731e-05 1.36024e-05 3.1739e-05 4.53414e-06 0 0 0 0 0 0 0 0 0 0 0 0 0 0 0 0 0 0 0 0 0 0 0 0 0 0 0 0 0 0 0 0 0 0 0 0 0 0 0 0 
PU_TriBoson_WWZNoGstarJets_mc     = 4.49976e-06 0 1.7999e-05 4.49976e-05 8.99952e-05 0.000314983 0.0019799 0.00629517 0.0105969 0.0140258 0.0168246 0.0205279 0.0252572 0.0329788 0.0409343 0.0496684 0.0553291 0.056553 0.0569355 0.0530252 0.0494659 0.0485569 0.0452541 0.0429907 0.0415553 0.0395979 0.0368935 0.0336852 0.0312328 0.028164 0.0256261 0.0223953 0.019187 0.0168021 0.0143272 0.0123113 0.00999397 0.00830656 0.00701063 0.00609718 0.00440077 0.00361781 0.00269536 0.0019799 0.00166041 0.00134093 0.00100795 0.000638966 0.000494974 0.000400479 0.000332982 0.000206989 0.000112494 0.000121494 4.04979e-05 3.59981e-05 2.24988e-05 1.34993e-05 1.7999e-05 0 0 0 0 0 0 0 0 0 0 0 0 0 0 0 0 0 0 0 0 0 0 0 0 0 0 0 0 0 0 0 0 0 0 0 0 0 0 0 0 0 
PU_TriBoson_WZZNoGstarJets_mc     = 0 1.36466e-05 1.36466e-05 4.54887e-05 7.27819e-05 0.00024109 0.00214706 0.00637296 0.0105579 0.0141879 0.0169855 0.0202288 0.0258012 0.0325881 0.0414766 0.0493052 0.0549185 0.0570792 0.0570155 0.0534401 0.0504151 0.0475629 0.0458571 0.0433098 0.0407897 0.0395251 0.037005 0.0334933 0.0312871 0.0288717 0.0252462 0.0225032 0.0195192 0.0161621 0.0140742 0.0117543 0.0103396 0.00841085 0.00655492 0.00556326 0.00457161 0.00335251 0.00272932 0.00230173 0.00160575 0.00123274 0.000937066 0.000595901 0.000591353 0.000404849 0.00028203 0.000227443 0.000186504 8.18796e-05 5.00375e-05 3.63909e-05 2.72932e-05 2.72932e-05 2.27443e-05 0 0 0 0 0 0 0 0 0 0 0 0 0 0 0 0 0 0 0 0 0 0 0 0 0 0 0 0 0 0 0 0 0 0 0 0 0 0 0 0 0 
PU_TriBoson_WWGJets_mc     = 0 4.64855e-06 9.29709e-06 3.25398e-05 0.000130159 0.000292858 0.00179899 0.00628019 0.0106173 0.0141316 0.0170602 0.0207558 0.0256228 0.032484 0.04087 0.0497395 0.0553781 0.0572933 0.0553177 0.0527657 0.0499626 0.0472013 0.0457278 0.0434453 0.0418462 0.0393221 0.0374719 0.0344085 0.0311592 0.0281748 0.0248604 0.0222247 0.0194867 0.0163954 0.0148428 0.0125976 0.0101757 0.00800945 0.00706114 0.00571306 0.00450444 0.00357473 0.00281702 0.00208255 0.00152472 0.00134808 0.00083209 0.000794901 0.000553177 0.000367235 0.000292858 0.000213833 0.000153402 6.50797e-05 7.90253e-05 6.04311e-05 3.25398e-05 2.78913e-05 4.64855e-06 0 0 0 0 0 0 0 0 0 0 0 0 0 0 0 0 0 0 0 0 0 0 0 0 0 0 0 0 0 0 0 0 0 0 0 0 0 0 0 0 0 

################
# TTV
################
PU_TTV_TTZJets_mc     = 4.75828e-06 0 1.42748e-05 5.23411e-05 0.000118957 0.000256947 0.00199372 0.00627617 0.0102969 0.0135421 0.0166778 0.0209745 0.0255282 0.0325324 0.0412305 0.0504425 0.0553673 0.0570756 0.056043 0.0535973 0.0504758 0.0474638 0.0453179 0.044271 0.0412162 0.0391939 0.0365341 0.0339027 0.0310811 0.0284307 0.0248858 0.0224971 0.0194614 0.0169918 0.0144366 0.0117577 0.0106633 0.00844595 0.00668538 0.00545299 0.00413494 0.00363057 0.0027027 0.00200324 0.00156547 0.00124667 0.000908831 0.0007185 0.00055196 0.000352113 0.000318805 0.000218881 0.000128474 0.000142748 3.80662e-05 6.18576e-05 3.3308e-05 1.42748e-05 3.3308e-05 4.75828e-06 0 0 0 0 0 0 0 0 0 0 0 0 0 0 0 0 0 0 0 0 0 0 0 0 0 0 0 0 0 0 0 0 0 0 0 0 0 0 0 0 
PU_TTV_TTWJets_mc     = 0 0 1.02017e-05 3.57059e-05 0.00012242 0.000280546 0.00222397 0.00611081 0.0107169 0.0138182 0.0166185 0.0203422 0.0255705 0.0323904 0.0408935 0.0495904 0.0561807 0.0575783 0.0557828 0.052503 0.0505035 0.0486927 0.0457903 0.0428981 0.0417963 0.0389398 0.0362772 0.0339716 0.0311662 0.0284015 0.0248207 0.022056 0.019475 0.0171643 0.01467 0.0123032 0.0101966 0.0084368 0.00684533 0.00571805 0.00449384 0.00341246 0.00272895 0.00209135 0.00165267 0.0011987 0.000892648 0.000719219 0.000464177 0.000397866 0.000295849 0.00023974 0.000168328 0.000117319 7.14118e-05 5.10084e-05 4.08067e-05 3.57059e-05 2.55042e-05 1.02017e-05 0 0 0 0 0 0 0 0 0 0 0 0 0 0 0 0 0 0 0 0 0 0 0 0 0 0 0 0 0 0 0 0 0 0 0 0 0 0 0 0 
PU_TTV_TTGJets_mc     = 0 1.39669e-05 1.39669e-05 1.39669e-05 8.38012e-05 0.000265371 0.0020252 0.00622922 0.0105031 0.0134082 0.0163831 0.0202101 0.0270259 0.032026 0.0411324 0.0494288 0.0572642 0.0563284 0.0563982 0.0526411 0.0494986 0.0475991 0.044261 0.0448197 0.0411045 0.0386743 0.0375848 0.0346099 0.0309506 0.0280594 0.0259225 0.0218163 0.0196235 0.0170396 0.0141764 0.0123746 0.00966507 0.00851979 0.0069555 0.00565658 0.0043856 0.00400849 0.00280734 0.002109 0.00164809 0.00104752 0.000865946 0.00093578 0.000628509 0.000377106 0.000363139 0.000167602 8.38012e-05 5.58675e-05 8.38012e-05 4.19006e-05 4.19006e-05 2.79337e-05 0 1.39669e-05 0 0 0 0 0 0 0 0 0 0 0 0 0 0 0 0 0 0 0 0 0 0 0 0 0 0 0 0 0 0 0 0 0 0 0 0 0 0 0 0 
PU_TTV_TTWWJets_mc     = 0 0 2.29547e-05 7.80461e-05 8.2637e-05 0.000298412 0.00211643 0.00630796 0.0105913 0.013906 0.016812 0.0209485 0.0253971 0.033087 0.0403774 0.0498944 0.0554403 0.057722 0.0563906 0.0536544 0.0494124 0.047273 0.0457029 0.0442613 0.0415159 0.0391516 0.036925 0.0334772 0.0319576 0.0278579 0.0242035 0.021986 0.0190249 0.0173997 0.0143238 0.0120421 0.0101322 0.00842898 0.00692315 0.00559636 0.00459554 0.00333762 0.0027867 0.00218529 0.00171242 0.00138187 0.000918189 0.000633551 0.000449913 0.000399412 0.000284639 0.000202002 0.00014691 6.88642e-05 6.42733e-05 5.50914e-05 3.21366e-05 1.37728e-05 4.59095e-06 4.59095e-06 0 0 0 0 0 0 0 0 0 0 0 0 0 0 0 0 0 0 0 0 0 0 0 0 0 0 0 0 0 0 0 0 0 0 0 0 0 0 0 0 
PU_TTV_TBZToLL_mc     = 1.34677e-05 6.73383e-06 2.69353e-05 4.0403e-05 0.000134677 0.000282821 0.00203362 0.006451 0.0101815 0.0134542 0.0163767 0.0207469 0.0260599 0.0334738 0.0398373 0.0493657 0.0566045 0.0564295 0.0559379 0.0532646 0.0505576 0.0479448 0.0458574 0.0435611 0.0418171 0.0396892 0.0365445 0.0338913 0.0318106 0.0278107 0.0260262 0.0220263 0.0189355 0.0171039 0.0143902 0.0117438 0.010296 0.00812773 0.00653181 0.00554867 0.00455207 0.00335345 0.00284841 0.00195954 0.00160938 0.00147471 0.000888865 0.000653181 0.000478102 0.00031649 0.000289555 0.000208749 0.000121209 0.000127943 7.40721e-05 2.69353e-05 2.69353e-05 1.34677e-05 2.02015e-05 2.02015e-05 0 0 0 0 0 0 0 0 0 0 0 0 0 0 0 0 0 0 0 0 0 0 0 0 0 0 0 0 0 0 0 0 0 0 0 0 0 0 0 0 

################
# QCD
################
PU_QCD_HTbinned-100To250_mc     = 2.49354e-06 5.02698e-06 1.42631e-05 4.76566e-05 0.000100839 0.00027028 0.00199415 0.00610507 0.0104627 0.0138357 0.0168587 0.0205692 0.0257583 0.0326082 0.0411895 0.0497358 0.0554303 0.057261 0.0560501 0.0531283 0.0500438 0.0476119 0.0455521 0.0436383 0.0416179 0.0393411 0.0368294 0.0340722 0.0311593 0.0281799 0.0251785 0.0222331 0.0194316 0.0167943 0.0143872 0.0121454 0.0101589 0.00840489 0.00688654 0.00557159 0.00445324 0.00353339 0.00277368 0.00215761 0.00165072 0.00126269 0.000952174 0.000708225 0.000524043 0.000387975 0.000280972 0.000202775 0.000145423 0.000101557 7.23925e-05 5.019e-05 3.36528e-05 2.35989e-05 1.51807e-05 4.8275e-06 0 0 0 0 0 0 0 0 0 0 0 0 0 0 0 0 0 0 0 0 0 0 0 0 0 0 0 0 0 0 0 0 0 0 0 0 0 0 0 0 
PU_QCD_HTbinned-250To500_mc     = 2.51274e-06 5.72757e-06 1.44483e-05 4.71139e-05 0.000100657 0.000267681 0.00201389 0.00611705 0.010484 0.0138152 0.0168669 0.0205059 0.0256802 0.0326201 0.0412172 0.0497538 0.0553915 0.0572723 0.0561497 0.0530853 0.0500273 0.0476894 0.0455441 0.0436017 0.0415911 0.0393108 0.0367783 0.0340346 0.0312146 0.0282031 0.0252068 0.0222398 0.0194544 0.0168444 0.0143833 0.0121496 0.0101645 0.0084107 0.00685801 0.00554566 0.00445871 0.00350949 0.00277699 0.00217127 0.00165442 0.0012757 0.000949927 0.000712325 0.000520692 0.00037983 0.000278914 0.000207375 0.00014075 0.000101544 7.22044e-05 4.79268e-05 3.43654e-05 2.34646e-05 1.56677e-05 5.13634e-06 0 0 0 0 0 0 0 0 0 0 0 0 0 0 0 0 0 0 0 0 0 0 0 0 0 0 0 0 0 0 0 0 0 0 0 0 0 0 0 0 
PU_QCD_HTbinned-500To1000_mc     = 2.48372e-06 4.67331e-06 1.40199e-05 5.05894e-05 0.0001018 0.000269843 0.00199936 0.00610419 0.0104607 0.0138282 0.0168595 0.0205295 0.0257101 0.0326121 0.0411838 0.0497308 0.0553989 0.0572128 0.0560372 0.0531369 0.0501524 0.0476095 0.0455742 0.0435725 0.041544 0.0393023 0.0368339 0.0340588 0.0311965 0.0281953 0.0251865 0.0222747 0.0194893 0.0168455 0.0143801 0.012148 0.0101797 0.00840621 0.00686532 0.00558461 0.00446994 0.00353044 0.0027715 0.0021494 0.00165422 0.00126124 0.000950545 0.000716912 0.000531744 0.000385891 0.000280497 0.00020141 0.000145396 0.000103793 7.28775e-05 4.92495e-05 3.46086e-05 2.38241e-05 1.46409e-05 4.96744e-06 0 0 0 0 0 0 0 0 0 0 0 0 0 0 0 0 0 0 0 0 0 0 0 0 0 0 0 0 0 0 0 0 0 0 0 0 0 0 0 0 
PU_QCD_HTbinned-1000ToInf_mc     = 2.45596e-06 4.33405e-06 1.51692e-05 4.87581e-05 0.000101995 0.000265533 0.00199858 0.00609721 0.0104854 0.0138337 0.0168155 0.0205039 0.0257443 0.0326249 0.0411463 0.0497407 0.0553333 0.0572694 0.0560755 0.0531275 0.0501755 0.0477036 0.0456017 0.0436413 0.0415164 0.0393792 0.0368537 0.0341055 0.0310806 0.0281931 0.0251907 0.0222678 0.0194412 0.0168368 0.0143734 0.0121377 0.0101277 0.00838003 0.00683928 0.00554383 0.00448278 0.00353572 0.00277943 0.00214304 0.00164629 0.00125825 0.000959992 0.000728337 0.000525287 0.000388331 0.000284025 0.000202906 0.000145335 9.97554e-05 7.07895e-05 5.00583e-05 3.22164e-05 2.31872e-05 1.55303e-05 4.98416e-06 0 0 0 0 0 0 0 0 0 0 0 0 0 0 0 0 0 0 0 0 0 0 0 0 0 0 0 0 0 0 0 0 0 0 0 0 0 0 0 0
PU_QCD_MuEnriched_mc     = 2.2807e-06 5.35267e-06 1.3498e-05 4.96635e-05 0.000100816 0.000269682 0.00199292 0.00611969 0.0104689 0.0138124 0.0168275 0.0204498 0.0256714 0.0325966 0.0412233 0.0497835 0.0553654 0.057254 0.0560307 0.0531928 0.0500516 0.0475848 0.0456343 0.043621 0.0415622 0.0393648 0.0368599 0.0340499 0.0310959 0.0282206 0.0252302 0.0222541 0.0194627 0.016897 0.0143641 0.0121437 0.010147 0.00839499 0.00686082 0.00555337 0.00448233 0.00354016 0.00277292 0.0021784 0.00166314 0.00126202 0.000960316 0.000715908 0.000525958 0.000382832 0.000282435 0.000202889 0.000140845 0.000104726 7.30756e-05 5.00824e-05 3.44433e-05 2.20623e-05 1.66631e-05 5.77158e-06 0 0 0 0 0 0 0 0 0 0 0 0 0 0 0 0 0 0 0 0 0 0 0 0 0 0 0 0 0 0 0 0 0 0 0 0 0 0 0 0 
PU_QCD_EMEnriched-20To30_mc     = 2.56844e-06 4.65173e-06 1.44404e-05 5.07981e-05 9.95699e-05 0.000269743 0.00199671 0.0060904 0.0104794 0.0138286 0.0168559 0.0205045 0.0257349 0.0326287 0.0412195 0.0497548 0.0553749 0.0572882 0.056025 0.0530799 0.0500389 0.0476708 0.0455741 0.0436499 0.0415758 0.0393674 0.0368621 0.0340602 0.0311526 0.0282077 0.0252105 0.0222536 0.0194256 0.016819 0.0143909 0.0121564 0.0101703 0.0083935 0.00686456 0.00553516 0.00446384 0.00352182 0.00276681 0.00214371 0.00165331 0.0012619 0.00096288 0.000703439 0.000528214 0.000389319 0.000280931 0.000199083 0.000144889 0.000100512 7.08319e-05 4.94853e-05 3.29331e-05 2.17461e-05 1.6067e-05 5.96449e-06 0 0 0 0 0 0 0 0 0 0 0 0 0 0 0 0 0 0 0 0 0 0 0 0 0 0 0 0 0 0 0 0 0 0 0 0 0 0 0 0 
PU_QCD_EMEnriched-30To80_mc     = 2.49683e-06 5.43613e-06 1.44121e-05 5.34447e-05 0.000102212 0.000273956 0.00199813 0.00609261 0.0104609 0.0138104 0.0168586 0.0205468 0.0257502 0.0326535 0.0412169 0.0498394 0.0553023 0.057226 0.0559563 0.0531208 0.050113 0.0476589 0.0456272 0.0436687 0.0415766 0.0393065 0.0367945 0.034065 0.0311558 0.0282398 0.0251701 0.0222204 0.019448 0.0168493 0.0143442 0.0121595 0.0101458 0.00840053 0.00686631 0.00556622 0.00444622 0.00355422 0.00276377 0.00216058 0.00165963 0.00126643 0.000940798 0.000710964 0.000526135 0.000383121 0.000279613 0.000200979 0.000144373 0.00010493 7.1049e-05 5.03158e-05 3.26484e-05 2.24398e-05 1.58343e-05 4.99365e-06 0 0 0 0 0 0 0 0 0 0 0 0 0 0 0 0 0 0 0 0 0 0 0 0 0 0 0 0 0 0 0 0 0 0 0 0 0 0 0 0 
PU_QCD_EMEnriched-80To170_mc     = 2.99634e-06 5.03268e-06 1.40508e-05 5.14323e-05 9.88501e-05 0.000268798 0.001996 0.00609961 0.0104529 0.0138183 0.016856 0.0205181 0.0256966 0.0326546 0.0412545 0.0498029 0.0553849 0.0572937 0.0560333 0.0531379 0.0500846 0.047686 0.0455597 0.0436535 0.0415588 0.0393885 0.0367982 0.0339634 0.0311558 0.0281548 0.025181 0.0222564 0.0194495 0.0168042 0.0144202 0.0121482 0.010145 0.00836723 0.00687724 0.005574 0.00447868 0.00352326 0.00276588 0.0021605 0.00165162 0.00125625 0.000949054 0.00071851 0.000522614 0.000387429 0.000278805 0.000197176 0.000142777 0.000101439 7.06321e-05 4.88723e-05 3.59851e-05 2.37671e-05 1.52435e-05 4.77087e-06 0 0 0 0 0 0 0 0 0 0 0 0 0 0 0 0 0 0 0 0 0 0 0 0 0 0 0 0 0 0 0 0 0 0 0 0 0 0 0 0 
PU_QCD_EMEnriched-170To250_mc     = 2.76977e-06 5.38216e-06 1.63668e-05 5.08001e-05 9.93025e-05 0.000269927 0.0019874 0.00607867 0.0104516 0.0138451 0.0168512 0.0205529 0.0257165 0.0326102 0.0411496 0.0497997 0.0553722 0.0572568 0.0560361 0.0531618 0.0500787 0.0476379 0.0456095 0.0435983 0.0415707 0.0393247 0.0368664 0.0340675 0.031146 0.0281829 0.0252294 0.0222958 0.0194658 0.016805 0.0143522 0.0121487 0.0101662 0.00841192 0.00686088 0.00556214 0.00445977 0.0035206 0.00275992 0.00215249 0.00165299 0.00125581 0.000956546 0.000716143 0.00052229 0.000383519 0.000279684 0.000201343 0.000142234 0.000100971 7.09753e-05 4.79674e-05 3.4087e-05 2.38893e-05 1.84441e-05 5.28774e-06 0 0 0 0 0 0 0 0 0 0 0 0 0 0 0 0 0 0 0 0 0 0 0 0 0 0 0 0 0 0 0 0 0 0 0 0 0 0 0 0 
PU_QCD_EMEnriched-250To350_mc     = 2.54252e-06 4.94058e-06 1.35505e-05 5.11971e-05 9.97939e-05 0.000269305 0.00199822 0.00606966 0.0104378 0.0138292 0.0168629 0.0206056 0.0257209 0.0326409 0.0412394 0.049798 0.0553923 0.0572548 0.0560045 0.053165 0.0500475 0.04765 0.0455478 0.0436737 0.0416008 0.0393127 0.0367943 0.0340317 0.0311984 0.0281572 0.0251507 0.0222167 0.0194443 0.0168254 0.0143862 0.0121704 0.0101469 0.00841083 0.00687685 0.00556376 0.0044744 0.00352367 0.00277034 0.00214167 0.00165541 0.00126493 0.000952867 0.000710259 0.000529682 0.000386694 0.000277915 0.000201841 0.000141688 0.000102134 7.11328e-05 4.99548e-05 3.49019e-05 2.40962e-05 1.54285e-05 4.16049e-06 0 0 0 0 0 0 0 0 0 0 0 0 0 0 0 0 0 0 0 0 0 0 0 0 0 0 0 0 0 0 0 0 0 0 0 0 0 0 0 0 
PU_QCD_EMEnriched-350ToInf_mc     = 2.61277e-06 4.96133e-06 1.40033e-05 5.02885e-05 0.000102015 0.000272521 0.00198579 0.00611423 0.0104544 0.0138241 0.0168674 0.020524 0.0257554 0.0326231 0.0411964 0.0497756 0.0553606 0.0572656 0.0561258 0.0531093 0.0501582 0.0476876 0.0455483 0.0436182 0.0415262 0.0393365 0.0368036 0.0340687 0.0311723 0.0281443 0.0251859 0.0222742 0.0194613 0.0167988 0.0143596 0.0121497 0.01016 0.00838675 0.00685787 0.0055374 0.00444937 0.00352421 0.0027784 0.00216152 0.00164701 0.00126584 0.000947114 0.00071082 0.000535177 0.000379292 0.000286583 0.000204823 0.0001447 0.000100665 7.18071e-05 4.99949e-05 3.53458e-05 2.35736e-05 1.57647e-05 4.6384e-06 0 0 0 0 0 0 0 0 0 0 0 0 0 0 0 0 0 0 0 0 0 0 0 0 0 0 0 0 0 0 0 0 0 0 0 0 0 0 0 0 

################
# TTJets Sys
################
PU_TTJetsSys_ScaleDown_mc     = 3.15564e-06 3.89814e-06 1.35507e-05 5.10471e-05 9.13279e-05 0.000248367 0.0019758 0.00608611 0.0103629 0.0138752 0.0169237 0.0207093 0.0257407 0.0326167 0.0412238 0.0498142 0.0551691 0.0572912 0.0559331 0.0533225 0.0501271 0.0477387 0.0455179 0.043452 0.0416986 0.0392127 0.0368057 0.0340852 0.0312156 0.0282645 0.0251634 0.0221741 0.0194029 0.0168103 0.0144038 0.0121518 0.0101738 0.0084172 0.00685646 0.00554372 0.00441307 0.00359446 0.00274986 0.00213488 0.00165671 0.0012656 0.000957272 0.000709091 0.000520495 0.000399652 0.000278624 0.000204188 0.000142004 9.98667e-05 7.53641e-05 5.25321e-05 3.30414e-05 2.2832e-05 1.42932e-05 4.82627e-06 0 0 0 0 0 0 0 0 0 0 0 0 0 0 0 0 0 0 0 0 0 0 0 0 0 0 0 0 0 0 0 0 0 0 0 0 0 0 0 0 
PU_TTJetsSys_MatchingUp_mc     = 2.40073e-06 5.9095e-06 1.32964e-05 4.98614e-05 0.000100277 0.000271098 0.0020096 0.00606518 0.0104761 0.0137485 0.0168956 0.0205355 0.0257322 0.0327395 0.0413726 0.0497321 0.0553257 0.0571347 0.0560686 0.0530852 0.0502546 0.0475349 0.0455971 0.0437347 0.0414871 0.0393346 0.0367914 0.0339746 0.0311011 0.028137 0.0251067 0.0222919 0.0194129 0.0168203 0.0143542 0.0121383 0.010193 0.00844061 0.00690488 0.00562843 0.00445613 0.00352982 0.0028059 0.00216786 0.00167165 0.00123268 0.000961217 0.000717635 0.000536472 0.000386149 0.000289196 0.000210526 0.000138319 9.76914e-05 6.99906e-05 5.15234e-05 3.15789e-05 2.43767e-05 1.32964e-05 5.72483e-06 0 0 0 0 0 0 0 0 0 0 0 0 0 0 0 0 0 0 0 0 0 0 0 0 0 0 0 0 0 0 0 0 0 0 0 0 0 0 0 0 
PU_TTJetsSys_MatchingDown_mc     = 2.92145e-06 4.74736e-06 1.57028e-05 5.14906e-05 9.78687e-05 0.000256357 0.00197417 0.00614856 0.0104458 0.0137588 0.0168217 0.0205181 0.0256085 0.0327407 0.041005 0.049792 0.055306 0.0572908 0.0561866 0.0531606 0.0501226 0.0476734 0.0454883 0.0438119 0.041393 0.0394035 0.0368309 0.0340147 0.0312988 0.0281566 0.0251926 0.0222332 0.0194739 0.0167901 0.0143648 0.0121569 0.0101751 0.0084514 0.00688623 0.0055787 0.00447329 0.00351998 0.0028035 0.00212116 0.00168641 0.00122518 0.000965357 0.000713747 0.000521479 0.000365912 0.000272425 0.00020651 0.000137856 0.000103894 6.93845e-05 5.24036e-05 3.43271e-05 2.33716e-05 1.57028e-05 5.29513e-06 0 0 0 0 0 0 0 0 0 0 0 0 0 0 0 0 0 0 0 0 0 0 0 0 0 0 0 0 0 0 0 0 0 0 0 0 0 0 0 0 
PU_TTJetsSys_Mass178_mc     = 2.11261e-06 5.91531e-06 1.28869e-05 5.13364e-05 9.97152e-05 0.000278231 0.00198501 0.00613713 0.0104952 0.0139242 0.016925 0.0204708 0.0256729 0.0326457 0.0413752 0.0498665 0.0552401 0.0572114 0.0559736 0.0530491 0.0500826 0.0476005 0.0455371 0.0436279 0.041472 0.0391959 0.0368557 0.0340905 0.0312484 0.0281854 0.0252799 0.0223396 0.0196158 0.0166638 0.014539 0.0121587 0.0100767 0.00839635 0.00688837 0.00555257 0.00441049 0.00345686 0.00275146 0.00216923 0.00164572 0.0012625 0.00094497 0.000719555 0.000519279 0.000383861 0.000265766 0.000193092 0.000150418 0.00010056 6.54909e-05 5.3449e-05 3.63369e-05 2.09148e-05 1.52108e-05 6.12657e-06 0 0 0 0 0 0 0 0 0 0 0 0 0 0 0 0 0 0 0 0 0 0 0 0 0 0 0 0 0 0 0 0 0 0 0 0 0 0 0 0

################
# Signals
################
PU_T2ttPoints_Stop400-LSP150_mc     = 7.9333e-06 7.9333e-06 1.58666e-05 3.96665e-05 0.000103133 0.000222132 0.00195159 0.00591824 0.01071 0.0142403 0.0167313 0.0207138 0.0251168 0.0331056 0.0410469 0.0499401 0.0552871 0.0577941 0.0565723 0.053288 0.0499718 0.0470127 0.0450929 0.0442916 0.0420544 0.039365 0.0364376 0.0338276 0.031638 0.0285916 0.0249026 0.0214199 0.0194762 0.0164616 0.0147083 0.0121617 0.0100277 0.00877423 0.00668777 0.00533911 0.00441091 0.00324472 0.00271319 0.00218166 0.00159459 0.00130106 0.000896463 0.000729863 0.000634664 0.000341132 0.000293532 0.000206266 0.000142799 8.72663e-05 4.75998e-05 3.96665e-05 2.37999e-05 3.17332e-05 1.58666e-05 7.9333e-06 0 0 0 0 0 0 0 0 0 0 0 0 0 0 0 0 0 0 0 0 0 0 0 0 0 0 0 0 0 0 0 0 0 0 0 0 0 0 0 0 
PU_T2ttPoints_Stop500-LSP300_mc     = 8.16907e-06 0 1.63381e-05 4.08453e-05 0.000122536 0.000277748 0.00221382 0.00597976 0.0110119 0.0136423 0.0173429 0.0202838 0.0252342 0.0329785 0.0422096 0.0494719 0.0545939 0.0572652 0.0555497 0.0534502 0.0501744 0.0478952 0.0462778 0.0445868 0.0410414 0.0395056 0.0366464 0.0342937 0.0302337 0.0280934 0.0250872 0.0220728 0.0193117 0.0177514 0.0141325 0.011935 0.0101868 0.00812005 0.00646173 0.00530172 0.00435411 0.00348819 0.00297354 0.00231185 0.00148677 0.0012417 0.000931274 0.000653525 0.00044113 0.000367608 0.000310425 0.000179719 0.000163381 9.80288e-05 7.35216e-05 4.90144e-05 4.08453e-05 8.16907e-06 1.63381e-05 8.16907e-06 0 0 0 0 0 0 0 0 0 0 0 0 0 0 0 0 0 0 0 0 0 0 0 0 0 0 0 0 0 0 0 0 0 0 0 0 0 0 0 0 
PU_T2ttPoints_Stop600-LSP50_mc     = 0 8.29394e-06 8.29394e-06 3.31757e-05 0.000116115 0.0002737 0.00194908 0.00583064 0.0107324 0.0140416 0.0166708 0.0212657 0.0260844 0.0321058 0.0411048 0.0490172 0.0547815 0.057535 0.0558348 0.0540184 0.0495977 0.0476321 0.046446 0.0439579 0.0425645 0.0387244 0.036908 0.0331675 0.0302231 0.02771 0.0256614 0.0222278 0.0193581 0.0179398 0.0142407 0.0115203 0.0098449 0.00825247 0.00733184 0.0056067 0.00450361 0.00345857 0.00301899 0.00223936 0.00176661 0.00121921 0.000862569 0.000796218 0.000514224 0.000389815 0.00023223 0.000190761 0.000240524 6.63515e-05 8.29394e-05 2.48818e-05 4.14697e-05 1.65879e-05 8.29394e-06 0 0 0 0 0 0 0 0 0 0 0 0 0 0 0 0 0 0 0 0 0 0 0 0 0 0 0 0 0 0 0 0 0 0 0 0 0 0 0 0 0 
PU_T2ttPoints_Stop750-LSP25_mc     = 0 0 1.69015e-05 4.22536e-05 0.000101409 0.000295775 0.00180846 0.00575495 0.0108592 0.0141634 0.0173409 0.0201296 0.0256311 0.03191 0.0403438 0.0505016 0.0547354 0.0574396 0.0559438 0.0535354 0.0505185 0.0477382 0.0456593 0.0426508 0.0417381 0.0387719 0.0368705 0.0343776 0.0311494 0.0284452 0.0261466 0.0221325 0.0190141 0.0175606 0.0147381 0.0120761 0.0105043 0.00847608 0.00659157 0.00496903 0.00446198 0.0034817 0.00292395 0.00214649 0.00177465 0.0012169 0.00092958 0.000709861 0.000498593 0.00034648 0.000278874 0.000177465 0.000135212 1.69015e-05 1.69015e-05 0.000109859 4.22536e-05 2.53522e-05 8.45073e-06 1.69015e-05 0 0 0 0 0 0 0 0 0 0 0 0 0 0 0 0 0 0 0 0 0 0 0 0 0 0 0 0 0 0 0 0 0 0 0 0 0 0 0 0 


